1 114
1 62
1 62
2 781
2 2196
2 2093
4 945
4 2135
4 5040
1 71
1 65
1 65
2 450
2 369
2 1156
4 2817
4 1107
4 2116
1 71
1 104
1 62
2 1505
2 849
2 477
4 3210
4 8505
4 4416
1 74
1 59
1 109
2 77
2 615
2 1242
4 1335
4 7235
4 17739
1 71
1 62
1 59
2 1175
2 346
2 265
4 1656
4 2601
4 49003
1 65
1 62
1 62
2 1845
2 1107
2 636
4 13232
4 1206
4 23904
1 68
1 99
1 59
2 1955
2 1125
2 186
4 19650
4 6772
4 3513
1 71
1 59
1 65
2 8955
2 945
2 609
4 4755
4 13685
4 3573
1 83
1 124
1 56
2 4700
2 1422
2 1980
4 6348
4 5763
4 5364
1 59
1 65
1 65
2 996
2 1287
2 2945
4 14115
4 21675
4 13308
1 65
1 77
1 65
2 1107
2 1800
2 660
4 6948
4 1188
4 2439
1 134
1 68
1 104
2 4509
2 3510
2 1023
4 6048
4 9801
4 5859
1 68
1 56
1 65
2 457
2 450
2 2850
4 1371
4 2682
4 45340
1 74
1 71
1 62
2 2308
2 421
2 750
4 3009
4 4239
4 1739
1 59
1 65
1 65
2 1764
2 2844
2 3180
4 7485
4 8361
4 5031
1 114
1 62
1 62
2 423
2 2133
2 213
4 16044
4 5805
4 4359
1 71
1 62
1 53
2 1269
2 1026
2 3243
4 4676
4 9729
4 8289
1 59
1 65
1 59
2 2480
2 423
2 295
4 5541
4 2979
4 5955
1 107
1 99
1 62
2 2475
2 489
2 642
4 4787
4 5584
4 11442
1 109
1 137
1 59
2 213
2 342
2 223
4 2349
4 22599
4 5004
1 65
1 68
1 59
2 489
2 2115
2 1575
4 3670
4 3144
4 17865
1 77
1 89
1 65
2 1798
2 1980
2 795
4 21776
4 14523
4 5211
1 62
1 59
1 109
2 955
2 993
2 538
4 1447
4 692
4 11745
1 59
1 74
1 109
2 954
2 20049
2 700
4 5787
4 1794
4 4761
1 65
1 68
1 65
2 1044
2 2403
2 177
4 8415
4 3519
4 6900
1 65
1 104
1 109
2 732
2 1728
2 786
4 4404
4 6828
4 531
1 65
1 77
1 62
2 268
2 795
2 477
4 5211
4 10425
4 16827
1 59
1 59
1 59
2 1242
2 3366
2 636
4 1710
4 4841
4 16146
1 56
1 59
1 124
2 2705
2 822
2 1083
4 11280
4 4820
4 4908
1 62
1 77
1 53
2 636
2 403
2 394
4 3849
4 14886
4 2404
1 68
1 62
1 114
2 636
2 3585
2 1712
4 2085
4 849
4 4112
1 65
1 74
1 59
2 2210
2 369
2 1287
4 5760
4 55200
4 2397
1 31104
1 27648
1 15516
2 20736
2 15552
2 23040
4 13824
4 34524
4 77760
1 3456
1 17442
1 38880
2 9600
2 3456
2 5184
4 1584
4 23040
4 8640
1 8400
1 5616
1 8640
2 23328
2 5184
2 30720
4 6480
4 7680
4 34560
1 19440
1 23040
1 7040
2 27648
2 72000
2 17496
4 103572
4 12960
4 19200
1 48600
1 6480
1 11520
2 38880
2 5184
2 12960
4 19440
4 26244
4 8640
1 34560
1 9216
1 25920
2 20736
2 7776
2 57600
4 32400
4 2592
4 32400
1 7776
1 5184
1 19440
2 26244
2 5760
2 4320
4 31104
4 34992
4 5760
1 32400
1 6912
1 19188
2 8640
2 2160
2 8640
4 38880
4 115056
4 19440
1 107
1 1044
1 1728
2 1458
2 390
2 8640
4 486
4 162
4 540
1 2250
1 108
1 348
2 199
2 81
2 3240
4 1296
4 3888
4 486
1 944
1 72
1 960
2 5754
2 864
2 144
4 216
4 270
4 384
1 4320
1 240
1 54
2 270
2 1800
2 648
4 342
4 2160
4 432
1 540
1 540
1 1080
2 1350
2 540
2 23328
4 540
4 486
4 810
1 1200
1 1944
1 180
2 486
2 1152
2 324
4 1800
4 810
4 648
1 810
1 324
1 1080
2 324
2 1080
2 972
4 2160
4 600
4 162
1 540
1 162
1 162
2 1920
2 2160
2 270
4 1620
4 216
4 648
1 128
1 149
1 137
2 2 2 4 4 4 1 183
1 254
1 131
2 2 2 4 4 4 1 229
1 183
1 134
2 2 2 4 4 4 1 155
1 128
1 134
2 2 2 4 4 4 1 134
1 229
1 131
2 2 2 3249
4 4 4 1 214
1 146
1 131
2 2 2 4 4 4 1 125
1 125
1 134
2 2 2 4 4 4 1 137
1 187
1 229
2 2 2 4 4 4 1 137
1 183
1 131
2 2 2 4 4 4 1 187
1 128
1 195
2 2 2 4 4 4 1 209
1 128
1 239
2 2 2 4 4 4 1 161
1 137
1 137
2 2 2 4 4 4 1 239
1 143
1 187
2 2 2 4 4 4 1 149
1 229
1 128
2 2 2 4 4 4 1 143
1 119
1 155
2 2 2 4 4 4 1 234
1 214
1 305
2 2 3696
2 4 4 4 1 214
1 134
1 131
2 2 2 4 4 4 1 137
1 131
1 131
2 2 2 4 4 4 1 219
1 191
1 131
2 2 2 4 4 4 1 214
1 229
1 137
2 2 2 4 4 4 1 131
1 134
1 195
2 2 2 4 4 4 1 175
1 143
1 187
2 2 2 4 4 4 1 143
1 175
1 137
2 2 2 4 4 4 1 284
1 128
1 140
2 2 2 4 4 4 1 131
1 143
1 137
2 2 2 4 4 4 1 137
1 183
1 254
2 2 2 4 4 4 1 161
1 171
1 149
2 2 2 4 4 4 1 140
1 143
1 131
2 2 2 4 4 4 1 155
1 146
1 137
2 2 2 4 4 4 1 171
1 140
1 143
2 2 2 4 4 4 1 224
1 131
1 143
2 2 2 4 4 4 1 137
1 146
1 131
2 2 2 4 4 4 1 1 1 2 2 2 4 4 4 1 1 1 2 2 2 4 4 4 1 1 1 2 2 2 4 4 4 1 1 1 2 2 2 4 4 4 1 1 1 2 2 2 4 4 4 1 1 1 2 2 2 4 4 4 1 1 1 2 2 2 4 4 4 1 1 1 2 2 2 4 4 4 1 1263
1 1 624
2 2 2 4 4 4 1 1 1 3690
2 2 2 4 4 4 1 1 1 2 2 2 4 4 4 1 1 1 2 2 5472
2 4 4 4 1 1554
1 1 7209
2 2 2 4 4 4 1 1 1 2 2 2 4 4 4 1 1 1 312
2 2 2 4 4 4 1 2807
1 1 2 2 2 4 4 4 1 1 1 2 2 2 4 4 4 1 1 1 2 2 2 4 4 4 1 1 1 2 2 2 4 4 4 1 1 1 2 2 2 4 4 4 1 1 1 2 2 2 4 4 4 1 1 1 2 2 2 4 4 4 1 1 1 2 2 2 4 4 4 1 1 1 2 2 2 4 4 4 1 1 1 2 2 2 4 4 4 1 1 1 2 2 2 4 4 4 1 1 1 2 2 2 4 4 4 1 1 1 2 2 2 4 4 4 1 1 1 2 2 2 4 4 4 1 1 1 2 2 2 4 4 4 1 1 1 2 2 2 4 4 4 1 1 1 2 2 2 4 4 4 1 1 1 2 2 2 4 4 4 1 1 1 2 2 2 4 4 4 1 1 1 2 2 2 4 4 4 1 1 1 2 2 2 4 4 4 1 1 1 2 2 2 4 4 4 1 1 1 2 2 2 4 4 4 1 1 1 2 2 2 4 4 4 1 1 1 2 2 2 4 4 4 1 1 1 2 2 2 4 4 4 1 1 1 2 2 2 4 4 4 1 1 1 2 2 2 4 4 4 1 1 1 2 2 2 4 4 4 1 1 1 2 2 2 4 4 4 1 1 1 2 2 2 4 4 4 1 1 1 2 2 2 4 4 4 1 1 1 2 2 2 4 4 4 1 1 1 2 2 2 4 4 4 1 1 1 2 2 2 4 4 4 1 1 1 2 2 2 4 4 4 1 1 1 2 2 2 4 4 4 1 1 1 2 2 2 4 4 4 1 1 1 2 2 2 4 4 4 1 1 1 2 2 2 4 4 4 1 1 1 2 2 2 4 4 4 1 1 1 2 2 2 4 4 4 1 1 1 2 2 2 4 4 4 1 1 1 2 2 2 4 4 4 1 1 1 2 2 2 4 4 4 1 1 1 2 2 2 4 4 4 1 1 1 2 2 2 4 4 4 1 1 1 2 2 2 4 4 4 1 1 1 2 2 2 4 4 4 1 49
1 23
1 41
2 29
2 117
2 80
4 68
4 99
4 357
1 29
1 23
1 39
2 31
2 177
2 51
4 69
4 235
4 105
1 23
1 29
1 54
2 51
2 73
2 117
4 99
4 270
4 207
1 39
1 23
1 26
2 51
2 159
2 177
4 87
4 99
4 220
1 49
1 23
1 26
2 93
2 51
2 69
4 165
4 167
4 99
1 23
1 23
1 29
2 78
2 127
2 69
4 216
4 165
4 165
1 29
1 31
1 23
2 159
2 100
2 73
4 115
4 176
4 126
1 29
1 47
1 23
2 51
2 445
2 130
4 153
4 130
4 304
1 23
1 23
1 29
2 130
2 54
2 85
4 162
4 153
4 142
1 39
1 32
1 35
2 69
2 60
2 286
4 380
4 171
4 180
1 23
1 43
1 23
2 60
2 51
2 186
4 87
4 105
4 127
1 64
1 54
1 29
2 62
2 47
2 60
4 99
4 275
4 132
1 26
1 29
1 23
2 51
2 237
2 69
4 255
4 121
4 107
1 26
1 29
1 43
2 132
2 51
2 78
4 165
4 267
4 135
1 54
1 23
1 23
2 49
2 139
2 68
4 135
4 99
4 280
1 29
1 29
1 26
2 357
2 100
2 51
4 93
4 380
4 100
1 23
1 39
1 32
2 102
2 51
2 145
4 126
4 255
4 121
1 39
1 44
1 23
2 89
2 51
2 73
4 165
4 210
4 73
1 29
1 31
1 29
2 51
2 105
2 141
4 69
4 213
4 73
1 23
1 35
1 39
2 85
2 213
2 92
4 99
4 480
4 69
1 49
1 29
1 32
2 78
2 177
2 51
4 73
4 115
4 153
1 29
1 39
1 23
2 127
2 181
2 141
4 177
4 95
4 153
1 29
1 26
1 29
2 117
2 117
2 177
4 236
4 180
4 87
1 31
1 29
1 32
2 73
2 119
2 134
4 180
4 315
4 126
1 29
1 44
1 69
2 69
2 69
2 175
4 216
4 168
4 85
1 59
1 39
1 44
2 26
2 44
2 62
4 60
4 126
4 360
1 23
1 26
1 47
2 316
2 124
2 159
4 159
4 204
4 207
1 23
1 29
1 49
2 141
2 156
2 53
4 153
4 117
4 165
1 29
1 29
1 23
2 23
2 177
2 23
4 324
4 207
4 228
1 38
1 47
1 26
2 53
2 211
2 104
4 135
4 105
4 275
1 39
1 29
1 29
2 102
2 29
2 68
4 99
4 288
4 153
1 32
1 49
1 29
2 54
2 119
2 156
4 153
4 135
4 132
1 180
1 144
1 120
2 132
2 72
2 240
4 64
4 120
4 192
1 66
1 73
1 56
2 120
2 270
2 72
4 360
4 108
4 108
1 160
1 92
1 118
2 72
2 200
2 144
4 288
4 240
4 72
1 88
1 162
1 480
2 144
2 200
2 108
4 96
4 288
4 192
1 240
1 108
1 228
2 288
2 72
2 900
4 72
4 108
4 120
1 288
1 144
1 108
2 320
2 192
2 120
4 1598
4 288
4 88
1 108
1 192
1 72
2 72
2 108
2 400
4 72
4 108
4 108
1 360
1 72
1 72
2 72
2 108
2 270
4 96
4 240
4 72
1 30
1 54
1 24
2 99
2 18
2 126
4 200
4 270
4 108
1 44
1 60
1 140
2 36
2 150
2 54
4 72
4 240
4 24
1 30
1 72
1 96
2 34
2 45
2 72
4 450
4 11
4 162
1 240
1 148
1 30
2 18
2 215
2 30
4 150
4 216
4 36
1 200
1 90
1 17
2 135
2 18
2 72
4 150
4 72
4 180
1 60
1 72
1 23
2 90
2 30
2 24
4 54
4 84
4 54
1 120
1 54
1 60
2 36
2 90
2 54
4 18
4 72
4 24
1 72
1 108
1 90
2 24
2 48
2 180
4 54
4 36
4 200
