1 114
1 62
1 62
2 781
4 2196
3 2093
4 945
3 2135
5 5040
1 71
1 65
1 65
3 450
3 369
3 1156
4 2817
4 1107
3 2116
1 71
1 104
1 62
3 1505
3 849
3 477
4 3210
4 8505
4 4416
1 74
1 59
1 109
1 77
3 615
3 1242
3 1335
4 7235
6 17739
1 71
1 62
1 59
3 1175
2 346
2 265
3 1656
4 2601
5 49003
1 65
1 62
1 62
4 1845
4 1107
3 636
4 13232
4 1206
5 23904
1 68
1 99
1 59
3 1955
4 1125
2 186
5 19650
4 6772
4 3513
1 71
1 59
1 65
5 8955
4 945
3 609
4 4755
5 13685
4 3573
1 83
1 124
1 56
4 4700
3 1422
4 1980
4 6348
4 5763
5 5364
1 59
1 65
1 65
3 996
4 1287
3 2945
4 14115
6 21675
4 13308
1 65
1 77
1 65
4 1107
4 1800
3 660
5 6948
4 1188
4 2439
1 134
1 68
1 104
5 4509
3 3510
3 1023
5 6048
6 9801
5 5859
1 68
1 56
1 65
2 457
3 450
4 2850
3 1371
4 2682
5 45340
1 74
1 71
1 62
3 2308
2 421
3 750
4 3009
5 4239
3 1739
1 59
1 65
1 65
4 1764
4 2844
4 3180
4 7485
5 8361
4 5031
1 114
1 62
1 62
3 423
4 2133
2 213
4 16044
6 5805
4 4359
1 71
1 62
1 53
4 1269
4 1026
3 3243
4 4676
5 9729
4 8289
1 59
1 65
1 59
4 2480
3 423
2 295
4 5541
4 2979
4 5955
1 107
1 99
1 62
4 2475
3 489
3 642
3 4787
4 5584
4 11442
1 109
1 137
1 59
2 213
2 342
2 223
5 2349
5 22599
5 5004
1 65
1 68
1 59
3 489
4 2115
4 1575
3 3670
4 3144
6 17865
1 77
1 89
1 65
3 1798
4 1980
3 795
4 21776
4 14523
5 5211
1 62
1 59
1 109
3 955
3 993
2 538
3 1447
2 692
6 11745
1 59
1 74
1 109
3 954
4 20049
3 700
5 5787
3 1794
4 4761
1 65
1 68
1 65
4 1044
5 2403
2 177
5 8415
4 3519
4 6900
1 65
1 104
1 109
3 732
4 1728
3 786
4 4404
4 6828
3 531
1 65
1 77
1 62
2 268
3 795
3 477
5 5211
5 10425
5 16827
1 59
1 59
1 59
3 1242
4 3366
3 636
4 1710
3 4841
6 16146
1 56
1 59
1 124
3 2705
3 822
3 1083
4 11280
4 4820
4 4908
1 62
1 77
1 53
3 636
2 403
2 394
4 3849
5 14886
4 2404
1 68
1 62
1 114
3 636
4 3585
4 1712
3 2085
3 849
3 4112
1 65
1 74
1 59
3 2210
3 369
4 1287
5 5760
6 55200
3 2397
7 31104
6 27648
7 15516
7 20736
8 15552
7 23040
7 13824
7 34524
7 77760
5 3456
7 17442
6 38880
6 9600
7 3456
5 5184
6 1584
7 23040
6 8640
6 8400
7 5616
8 8640
8 23328
7 5184
7 30720
6 6480
7 7680
8 34560
8 19440
8 23040
6 7040
7 27648
7 72000
7 17496
7 103572
7 12960
7 19200
7 48600
7 6480
6 11520
7 38880
7 5184
7 12960
6 19440
7 26244
7 8640
7 34560
8 9216
7 25920
6 20736
6 7776
7 57600
7 32400
6 2592
7 32400
5 7776
7 5184
7 19440
8 26244
6 5760
6 4320
6 31104
7 34992
7 5760
7 32400
7 6912
6 19188
5 8640
6 2160
6 8640
6 38880
6 115056
6 19440
2 107
4 1044
6 1728
5 1458
3 390
6 8640
5 486
3 162
4 540
5 2250
3 108
3 348
2 199
3 81
6 3240
5 1296
7 3888
3 486
6 944
3 72
4 960
5 5754
5 864
4 144
4 216
4 270
4 384
6 4320
3 240
3 54
4 270
4 1800
4 648
3 342
5 2160
5 432
4 540
4 540
5 1080
5 1350
4 540
6 23328
5 540
4 486
5 810
4 1200
5 1944
3 180
5 486
5 1152
4 324
5 1800
5 810
4 648
5 810
4 324
5 1080
4 324
5 1080
5 972
5 2160
4 600
4 162
4 540
4 162
4 162
5 1920
4 2160
4 270
5 1620
4 216
4 648
1 128
1 149
1 137
5 6 5 8 8 8 1 183
1 254
1 131
5 5 5 6 9 9 1 229
1 183
1 134
6 7 4 6 9 9 1 155
1 128
1 134
7 7 6 6 7 7 1 134
1 229
1 131
7 7 4 3249
6 7 6 1 214
1 146
1 131
5 4 6 7 6 9 1 125
1 125
1 134
4 6 5 5 7 7 1 137
1 187
1 229
6 8 7 9 6 7 1 137
1 183
1 131
7 5 7 7 7 8 1 187
1 128
1 195
5 5 7 9 9 7 1 209
1 128
1 239
5 5 5 8 11 7 1 161
1 137
1 137
6 5 6 9 8 8 1 239
1 143
1 187
4 7 6 10 9 8 1 149
1 229
1 128
7 7 8 8 8 8 1 143
1 119
1 155
5 5 6 8 8 8 1 234
1 214
1 305
3 3 3696
5 7 5 9 1 214
1 134
1 131
7 6 6 8 9 6 1 137
1 131
1 131
7 5 5 5 6 9 1 219
1 191
1 131
6 5 5 7 7 7 1 214
1 229
1 137
5 4 6 6 8 8 1 131
1 134
1 195
7 4 5 8 8 8 1 175
1 143
1 187
5 6 6 9 7 7 1 143
1 175
1 137
6 6 4 7 8 8 1 284
1 128
1 140
5 4 7 7 7 10 1 131
1 143
1 137
5 6 3 5 9 7 1 137
1 183
1 254
4 6 7 7 8 9 1 161
1 171
1 149
3 5 4 7 8 8 1 140
1 143
1 131
7 6 6 9 8 8 1 155
1 146
1 137
7 6 7 9 10 9 1 171
1 140
1 143
4 6 7 6 9 7 1 224
1 131
1 143
5 5 6 8 8 6 1 137
1 146
1 131
5 5 6 6 8 6 15 12 11 11 12 13 13 12 10 11 17 11 10 11 11 12 12 12 9 12 13 10 12 12 11 9 13 12 11 10 13 12 9 13 11 13 9 11 8 13 14 11 12 11 10 12 11 13 12 11 11 12 13 13 12 9 13 11 11 14 13 13 12 10 12 11 12 11 11 12 9 12 3 1263
10 2 624
9 8 8 6 9 10 14 9 5 3690
5 8 10 7 10 9 7 5 10 8 11 13 9 7 7 11 9 8 8 5 5472
6 9 9 8 4 1554
10 5 7209
11 9 10 10 10 6 11 10 10 6 8 10 8 9 8 10 5 2 312
8 6 9 11 10 10 4 2807
7 10 7 10 7 12 8 11 1 1 1 11 13 15 13 16 17 1 1 1 15 11 13 16 17 17 1 1 1 15 12 14 18 13 17 1 1 1 13 12 12 16 15 15 1 1 1 13 11 15 17 18 18 1 1 1 14 14 11 19 16 16 1 1 1 16 11 11 24 14 12 1 1 1 14 12 12 19 18 20 1 1 1 13 14 12 18 18 17 1 1 1 16 15 16 20 19 17 1 1 1 12 15 13 22 15 18 1 1 1 16 16 15 18 20 15 1 1 1 13 14 11 20 15 21 1 1 1 9 11 15 14 20 18 1 1 1 13 13 12 21 22 15 1 1 1 11 12 12 16 16 17 16 15 14 19 21 19 21 17 24 16 17 18 21 19 19 24 22 20 15 15 16 19 16 24 19 21 21 15 15 17 17 18 21 22 22 22 13 15 12 20 21 19 21 21 16 16 15 15 19 20 17 17 20 22 13 13 12 14 16 22 25 21 20 14 11 15 20 16 19 20 20 17 5 6 11 16 15 13 18 16 22 3 9 8 13 13 16 18 13 11 7 7 5 13 11 14 17 16 11 11 3 7 13 16 12 13 12 17 6 5 2 11 13 14 15 18 20 7 5 4 16 11 16 14 17 14 6 3 5 11 14 13 13 12 14 6 5 5 10 13 14 17 13 14 22 24 23 23 23 27 25 29 24 26 29 25 31 25 28 29 25 23 25 23 24 22 22 21 22 19 24 19 24 23 23 20 26 25 26 28 23 16 18 22 27 15 27 26 25 13 24 23 29 26 24 24 25 28 17 16 18 24 19 24 23 27 26 19 20 15 20 19 22 25 28 27 2 25 23 17 14 18 13 23 25 10 23 5 7 16 10 15 24 28 12 3 6 25 13 18 15 28 24 33 25 14 15 22 26 21 23 24 10 9 9 16 21 11 22 17 17 6 8 5 12 12 17 14 16 17 6 7 6 12 11 14 15 22 20 9 5 9 13 11 13 13 18 17 1 49
1 23
1 41
1 29
2 117
2 80
2 68
3 99
3 357
1 29
1 23
1 39
1 31
3 177
2 51
2 69
3 235
3 105
1 23
1 29
1 54
2 51
2 73
2 117
3 99
4 270
2 207
1 39
1 23
1 26
2 51
2 159
3 177
2 87
3 99
3 220
1 49
1 23
1 26
2 93
2 51
2 69
3 165
2 167
3 99
1 23
1 23
1 29
2 78
2 127
2 69
3 216
3 165
3 165
1 29
1 31
1 23
3 159
2 100
2 73
2 115
3 176
3 126
1 29
1 47
1 23
2 51
3 445
2 130
3 153
2 130
3 304
1 23
1 23
1 29
2 130
1 54
2 85
4 162
3 153
2 142
1 39
1 32
1 35
2 69
2 60
2 286
3 380
3 171
3 180
1 23
1 43
1 23
2 60
2 51
3 186
2 87
3 105
2 127
1 64
1 54
1 29
2 62
1 47
2 60
3 99
3 275
3 132
1 26
1 29
1 23
2 51
3 237
2 69
3 255
2 121
3 107
1 26
1 29
1 43
3 132
2 51
2 78
3 165
3 267
3 135
1 54
1 23
1 23
1 49
2 139
2 68
3 135
3 99
3 280
1 29
1 29
1 26
3 357
2 100
2 51
2 93
3 380
2 100
1 23
1 39
1 32
2 102
2 51
2 145
3 126
3 255
2 121
1 39
1 44
1 23
2 89
2 51
2 73
3 165
3 210
2 73
1 29
1 31
1 29
2 51
3 105
3 141
2 69
3 213
2 73
1 23
1 35
1 39
2 85
3 213
2 92
3 99
3 480
2 69
1 49
1 29
1 32
2 78
3 177
2 51
2 73
2 115
3 153
1 29
1 39
1 23
2 127
2 181
3 141
3 177
2 95
3 153
1 29
1 26
1 29
2 117
2 117
3 177
3 236
3 180
2 87
1 31
1 29
1 32
2 73
2 119
2 134
3 180
3 315
3 126
1 29
1 44
1 69
2 69
2 69
3 175
4 216
3 168
2 85
1 59
1 39
1 44
1 26
1 44
2 62
2 60
3 126
4 360
1 23
1 26
1 47
3 316
2 124
3 159
3 159
3 204
3 207
1 23
1 29
1 49
3 141
2 156
2 53
3 153
2 117
3 165
1 29
1 29
1 23
1 23
3 177
1 23
4 324
2 207
3 228
1 38
1 47
1 26
2 53
2 211
2 104
3 135
3 105
3 275
1 39
1 29
1 29
2 102
1 29
2 68
3 99
4 288
3 153
1 32
1 49
1 29
1 54
2 119
2 156
3 153
3 135
3 132
3 180
4 144
4 120
3 132
4 72
3 240
2 64
3 120
3 192
3 66
2 73
3 56
3 120
4 270
3 72
3 360
3 108
3 108
3 160
3 92
3 118
4 72
4 200
4 144
4 288
4 240
3 72
3 88
3 162
3 480
4 144
3 200
3 108
4 96
3 288
4 192
3 240
3 108
3 228
3 288
3 72
3 900
3 72
3 108
4 120
3 288
3 144
3 108
3 320
3 192
3 120
3 1598
4 288
3 88
3 108
3 192
4 72
3 72
3 108
3 400
3 72
3 108
4 108
4 360
3 72
3 72
4 72
3 108
3 270
4 96
3 240
4 72
2 30
3 54
2 24
3 99
2 18
3 126
3 200
4 270
3 108
3 44
3 60
3 140
2 36
3 150
3 54
2 72
3 240
2 24
2 30
3 72
3 96
2 34
2 45
3 72
4 450
1 11
4 162
3 240
3 148
2 30
2 18
3 215
2 30
3 150
3 216
3 36
3 200
3 90
1 17
3 135
2 18
3 72
3 150
3 72
3 180
2 60
3 72
1 23
3 90
2 30
2 24
3 54
2 84
3 54
3 120
3 54
2 60
3 36
3 90
3 54
2 18
3 72
2 24
2 72
3 108
3 90
2 24
2 48
3 180
3 54
2 36
3 200
